check/dem.asc
ncols                240
nrows                400
xllcorner      4530000.0
yllcorner      5664000.0
cellsize             100
NODATA_value       -9999
[rows 252 to 279 of 400, columns 128 to 191 of 240]
142.620 143.930 144.930 144.720 143.800 142.760 142.570 142.440 140.710 138.850 140.090 144.350 146.110 150.180 150.500 147.540 149.080 151.390 152.240 152.300 152.460 149.600 149.310 145.000 145.000 148.140 146.070 145.220 143.980 143.250 143.230 143.560 144.120 143.790 143.760 144.110 144.590 144.870 145.400 146.470 149.280 154.180 155.870 153.680 153.700 154.520 155.140 155.130 157.240 154.300 154.310 156.660 160.100 161.090 161.160 161.890 162.370 162.930 162.080 161.680 -9999.000 -9999.000 -9999.000 -9999.000
143.440 143.770 143.820 144.140 143.820 143.240 143.710 142.600 140.950 139.630 138.990 139.060 142.640 147.420 149.140 144.340 144.450 149.690 153.500 152.540 150.800 149.080 148.620 145.000 152.480 151.360 151.310 148.340 145.700 144.060 143.860 144.030 143.760 143.760 143.760 143.760 143.840 144.540 144.770 145.250 146.950 150.860 151.790 152.170 151.780 152.540 153.790 153.740 152.280 155.810 156.520 158.860 160.950 160.800 160.440 160.330 161.020 161.070 160.490 161.840 -9999.000 -9999.000 -9999.000 -9999.000
141.790 142.540 142.800 143.900 143.950 144.270 144.210 143.630 142.170 140.400 139.620 138.990 138.990 139.020 139.840 139.840 139.840 140.300 139.930 140.140 143.150 149.370 151.750 154.690 146.750 146.120 147.790 150.640 150.050 146.680 147.000 148.350 145.970 144.260 143.760 143.840 143.990 144.360 144.610 145.200 145.890 148.090 151.470 152.080 150.600 150.200 150.660 151.190 154.010 154.130 156.620 158.520 160.100 159.670 158.130 158.400 158.820 159.780 160.060 160.620 -9999.000 -9999.000 -9999.000 -9999.000
142.370 142.440 143.100 144.240 144.780 144.810 145.350 144.760 143.200 141.320 139.600 139.580 139.300 139.780 139.860 139.840 139.910 139.850 140.120 140.240 140.180 140.520 141.380 141.420 141.760 142.560 142.350 143.240 144.410 144.620 146.410 149.390 149.100 146.380 144.630 143.870 144.250 144.550 144.960 145.410 145.940 146.350 147.860 148.620 148.970 149.250 151.040 151.240 151.210 152.490 154.670 156.220 157.020 156.700 155.910 156.110 156.950 158.740 160.150 160.140 161.910 -9999.000 -9999.000 -9999.000
142.740 142.370 144.550 145.550 146.750 146.250 146.390 146.220 145.060 143.760 141.220 141.880 142.140 142.120 141.830 140.820 140.820 140.510 140.880 141.610 140.400 140.750 141.000 141.000 141.000 141.000 141.910 142.350 142.670 143.070 143.620 144.580 146.940 150.340 147.350 144.730 144.930 145.400 144.600 145.340 146.120 146.540 147.080 147.770 148.310 149.610 150.670 150.320 150.060 151.050 152.620 153.830 154.150 155.290 154.270 155.120 156.640 159.170 161.520 161.400 162.850 164.360 -9999.000 -9999.000
143.690 143.640 145.490 147.090 147.860 148.410 148.240 147.510 146.450 146.440 145.260 146.550 147.170 147.620 147.130 145.830 143.420 143.060 142.660 143.040 142.990 142.750 143.160 141.930 141.620 141.630 141.570 142.170 142.620 142.880 142.930 143.070 143.770 144.820 147.480 145.180 145.160 145.180 146.770 145.640 145.740 146.260 146.680 147.200 148.030 147.900 148.840 149.450 150.150 150.710 151.550 152.800 154.010 154.270 154.880 157.310 158.380 159.420 160.390 162.340 162.550 163.540 163.350 -9999.000
146.410 145.760 145.190 147.270 148.840 150.020 149.740 148.610 147.740 147.910 148.520 150.700 151.660 150.970 151.020 151.210 150.350 148.500 147.510 146.850 146.690 146.440 144.980 143.710 143.000 142.290 141.910 141.840 142.170 142.490 142.670 143.080 143.540 143.540 144.800 146.360 145.190 145.160 145.670 145.250 145.340 145.920 146.160 146.720 146.760 147.310 148.320 151.080 150.880 151.380 152.570 154.900 156.590 156.250 156.030 156.450 157.480 158.010 158.490 161.050 161.380 161.250 161.150 -9999.000
149.070 148.340 146.440 145.190 147.720 150.840 150.110 149.660 149.620 150.220 148.360 150.180 152.620 152.420 152.160 152.720 152.470 151.700 150.590 149.210 147.830 146.690 145.680 144.880 144.040 143.500 142.680 142.410 142.790 142.960 143.270 143.710 145.420 145.680 144.610 151.340 150.590 147.430 145.250 145.710 146.060 146.000 146.220 146.240 146.290 146.670 147.660 148.840 150.220 152.140 154.850 157.950 159.210 156.620 155.360 155.400 155.870 156.290 156.640 158.640 159.050 159.050 158.970 -9999.000
150.060 150.030 149.580 147.900 145.590 149.250 150.150 150.680 151.070 151.560 150.630 150.630 151.180 151.410 152.930 153.360 151.640 151.640 151.360 150.050 148.810 148.200 147.840 146.900 145.910 144.780 144.040 144.370 144.860 144.560 144.300 144.880 146.910 148.780 147.720 144.610 144.610 145.250 149.730 151.790 148.940 147.350 147.120 146.720 146.600 146.680 147.090 148.030 150.140 152.940 158.830 164.300 159.750 155.460 154.510 153.890 154.010 154.900 155.450 156.830 157.500 158.320 158.620 -9999.000
150.270 150.450 150.520 149.540 147.520 147.100 150.620 151.320 151.710 151.770 152.860 153.180 151.860 152.610 153.940 152.940 152.020 152.210 152.210 151.370 150.880 150.800 150.020 148.140 146.080 148.650 147.730 148.220 148.650 147.810 146.570 146.370 146.650 148.680 148.580 145.620 145.290 144.960 144.960 145.660 145.690 147.370 150.600 151.390 148.690 147.470 147.760 148.350 149.930 153.940 161.850 176.970 161.640 153.540 152.910 153.020 154.600 156.000 156.230 156.400 158.540 162.090 161.120 -9999.000
149.990 150.450 150.870 150.400 148.980 147.670 149.880 151.540 151.890 151.540 152.340 152.850 152.680 153.850 153.820 152.980 152.630 152.800 152.500 152.100 152.040 152.320 151.390 149.170 149.450 151.820 150.840 150.560 151.100 149.870 148.380 147.860 147.800 150.580 150.490 147.440 148.610 149.260 146.600 145.630 145.640 145.960 146.130 146.740 147.040 146.880 146.930 148.180 150.320 154.860 162.660 167.570 161.010 151.820 151.340 152.650 154.720 156.590 157.010 157.040 161.240 165.690 164.550 -9999.000
150.450 150.880 151.130 150.770 149.700 148.590 148.860 150.900 151.420 151.350 151.410 152.220 152.970 153.990 153.300 153.210 153.030 153.170 152.760 152.560 152.670 152.780 151.910 150.370 150.930 152.180 152.100 151.710 151.350 150.370 149.660 150.240 149.710 149.200 151.560 150.740 152.620 154.450 150.370 146.630 145.850 145.970 146.440 146.990 146.910 146.340 146.530 147.470 148.790 151.790 160.750 160.810 162.870 150.420 150.180 151.350 153.410 153.720 156.720 158.570 161.990 166.100 166.610 166.550
150.790 151.140 151.340 151.140 150.480 149.560 148.730 149.260 150.200 150.900 151.560 151.760 151.920 152.740 152.870 153.540 153.430 153.170 152.940 152.590 152.660 152.920 152.050 151.580 151.940 152.680 153.020 152.830 152.180 151.770 151.850 152.100 151.310 150.040 151.690 152.780 154.350 154.180 150.250 147.080 146.340 146.700 147.000 147.190 147.610 146.340 146.340 147.370 149.490 148.790 154.440 152.680 150.860 149.730 149.730 149.980 151.510 152.580 155.450 159.370 163.510 166.690 166.710 166.170
150.830 151.080 151.270 151.420 151.010 150.290 149.540 149.080 149.180 150.010 151.240 151.420 151.740 152.300 152.970 153.310 153.150 153.100 152.940 152.850 152.490 152.280 152.340 152.900 153.490 153.840 153.800 153.530 153.170 153.010 152.830 152.490 151.540 151.360 153.140 153.680 154.460 153.110 149.510 146.670 146.340 146.340 146.670 146.870 146.480 146.340 146.340 147.250 152.130 149.310 149.100 149.430 149.730 149.730 149.730 151.020 151.820 152.070 154.540 158.560 162.090 165.930 166.690 166.000
150.680 150.890 151.180 151.370 151.400 150.940 150.740 150.360 149.820 149.360 150.460 151.300 152.020 152.350 152.800 153.220 153.160 153.270 153.030 152.780 152.660 152.420 153.150 153.750 154.030 154.500 154.460 154.240 153.880 153.420 153.070 152.580 152.010 152.840 154.520 154.510 154.870 153.240 149.800 147.050 146.340 146.340 146.490 146.580 146.340 146.340 146.380 146.820 149.470 151.880 150.860 150.480 151.220 151.310 154.130 155.990 154.710 154.110 154.520 157.190 161.090 166.140 166.380 165.980
150.760 151.060 151.060 151.290 151.560 151.640 151.320 150.610 150.050 149.360 151.430 152.130 152.350 152.700 153.050 152.890 153.260 153.200 152.940 152.720 152.970 153.520 153.850 154.240 154.580 154.420 154.580 154.330 153.900 153.490 153.220 153.190 154.190 155.180 155.990 156.250 154.670 151.680 149.720 148.180 147.350 146.340 146.340 146.340 146.340 146.580 146.810 147.470 148.700 152.820 153.260 152.680 153.900 155.400 155.530 155.140 153.620 154.380 156.300 160.220 166.550 166.040 165.500 164.750
151.000 150.890 150.850 151.040 151.210 151.560 151.610 151.180 150.390 149.360 149.700 151.230 151.760 152.280 152.780 152.670 152.840 152.950 152.870 152.860 153.300 153.670 154.090 154.460 154.640 154.830 155.000 154.870 154.830 154.740 154.680 154.770 155.060 155.290 155.590 156.240 155.220 153.030 150.690 150.320 149.890 149.440 146.590 146.390 146.400 146.680 146.900 146.810 146.810 148.300 148.100 149.520 150.550 151.490 152.420 152.710 151.980 152.940 155.320 159.540 165.870 165.640 164.540 163.380
150.800 150.870 150.770 150.860 150.980 151.150 151.480 151.500 150.520 149.400 149.790 149.670 150.670 151.700 152.370 152.460 152.130 152.260 152.920 153.090 153.140 153.820 154.330 154.510 154.830 155.120 155.290 155.450 155.680 156.050 156.830 157.710 157.620 155.690 155.020 155.960 155.420 153.590 150.830 149.280 148.190 147.290 146.970 146.850 146.450 146.460 147.130 147.350 148.570 147.680 147.850 148.540 148.700 149.070 149.760 150.790 151.520 152.960 156.120 160.400 164.470 164.570 163.260 161.860
150.320 150.470 150.700 150.730 150.710 150.930 -9999.000 151.240 151.230 150.590 149.550 150.180 150.980 151.060 151.710 151.940 152.290 152.500 153.420 153.420 153.270 153.950 154.220 154.200 155.080 155.480 155.620 155.850 156.350 157.100 158.510 156.830 160.600 157.110 154.920 154.690 154.240 152.600 150.510 149.350 148.350 147.840 148.070 147.350 146.620 146.650 146.480 149.670 154.140 151.630 150.770 149.280 149.220 149.870 150.870 151.930 153.070 154.360 157.270 160.120 164.810 164.470 163.420 162.040
150.140 150.150 150.420 150.490 150.650 -9999.000 -9999.000 -9999.000 -9999.000 151.400 150.510 150.900 151.220 151.810 151.710 152.030 152.740 152.800 153.050 152.930 153.230 153.740 154.000 154.600 155.300 155.600 155.930 156.330 156.850 157.660 158.800 160.430 159.580 156.860 155.120 153.660 152.860 151.880 150.710 150.150 149.720 149.320 148.770 147.990 147.050 146.950 146.930 147.440 150.200 148.960 148.700 149.850 150.270 151.170 153.320 154.420 155.550 156.400 158.980 157.270 165.320 164.770 163.480 161.990
150.500 150.500 150.910 151.670 151.920 -9999.000 -9999.000 -9999.000 -9999.000 -9999.000 151.400 151.590 151.620 151.500 151.590 151.730 151.820 151.740 151.840 151.730 152.630 153.880 154.320 154.760 155.040 155.670 156.460 157.160 157.910 158.540 158.960 158.650 157.370 155.960 154.860 153.830 153.030 152.670 152.640 152.000 151.260 150.830 149.020 148.140 147.640 147.740 147.550 147.340 147.920 148.400 148.380 149.250 151.870 151.810 152.980 154.570 156.130 157.250 159.420 162.410 165.800 165.530 163.920 161.490
-9999.000 -9999.000 -9999.000 -9999.000 -9999.000 -9999.000 -9999.000 -9999.000 -9999.000 -9999.000 -9999.000 152.290 -9999.000 151.870 152.150 152.180 151.730 151.730 151.730 151.730 152.290 153.430 153.660 154.050 156.140 156.050 156.920 157.820 158.760 159.920 160.140 159.340 157.730 156.310 155.650 154.210 154.200 153.660 153.630 153.300 152.580 151.620 149.970 148.800 150.600 151.630 150.070 147.450 147.460 148.240 148.800 149.660 152.310 153.420 153.860 154.680 157.020 157.510 158.580 161.930 163.630 163.430 162.120 160.100
-9999.000 -9999.000 -9999.000 -9999.000 -9999.000 -9999.000 -9999.000 -9999.000 -9999.000 -9999.000 -9999.000 -9999.000 -9999.000 -9999.000 -9999.000 153.270 152.480 151.730 151.860 153.260 153.670 154.200 154.480 154.500 155.250 156.560 157.480 158.540 160.320 160.480 164.310 162.240 159.750 158.080 156.870 155.570 155.190 154.620 154.730 154.520 153.960 153.040 151.350 149.460 153.760 156.980 152.560 148.910 147.530 148.040 149.160 152.470 155.550 156.160 156.090 157.340 157.060 157.350 158.550 160.040 160.970 160.470 159.180 157.830
-9999.000 -9999.000 -9999.000 -9999.000 -9999.000 -9999.000 -9999.000 -9999.000 -9999.000 -9999.000 -9999.000 -9999.000 -9999.000 -9999.000 -9999.000 -9999.000 -9999.000 152.640 154.530 155.930 154.720 154.880 155.170 155.220 155.120 156.810 157.760 159.150 161.430 165.190 166.800 159.750 163.370 159.680 157.980 156.300 155.430 155.600 156.280 156.130 155.320 153.870 151.790 150.450 154.890 155.770 153.280 150.000 148.330 147.940 148.060 148.890 149.650 151.480 153.430 154.580 153.400 155.620 157.240 160.100 159.850 159.200 157.840 155.740
-9999.000 -9999.000 -9999.000 -9999.000 -9999.000 -9999.000 -9999.000 -9999.000 -9999.000 -9999.000 -9999.000 -9999.000 -9999.000 -9999.000 -9999.000 -9999.000 -9999.000 -9999.000 -9999.000 -9999.000 -9999.000 157.210 157.330 156.240 156.190 156.970 157.590 159.420 161.740 163.380 167.840 159.750 162.960 159.740 158.220 156.980 156.480 157.160 157.370 156.100 154.520 153.130 151.400 151.080 153.920 153.220 151.460 150.330 149.090 148.460 148.190 148.420 148.350 148.400 148.390 149.260 150.220 152.110 153.430 158.990 158.830 156.560 155.810 154.090
-9999.000 -9999.000 -9999.000 -9999.000 -9999.000 -9999.000 -9999.000 -9999.000 -9999.000 -9999.000 -9999.000 -9999.000 -9999.000 -9999.000 -9999.000 -9999.000 -9999.000 -9999.000 -9999.000 -9999.000 -9999.000 -9999.000 -9999.000 157.850 156.400 157.040 157.420 158.440 160.960 166.280 167.400 161.680 162.260 159.640 158.380 157.770 158.290 158.630 157.500 155.570 153.650 152.400 151.360 151.590 153.330 152.950 151.620 150.230 149.870 149.700 148.860 148.190 148.190 148.380 148.640 149.100 149.410 149.410 149.750 155.100 152.780 153.420 152.430 157.090
-9999.000 -9999.000 -9999.000 -9999.000 -9999.000 -9999.000 -9999.000 -9999.000 -9999.000 -9999.000 -9999.000 -9999.000 -9999.000 -9999.000 -9999.000 -9999.000 -9999.000 -9999.000 -9999.000 -9999.000 -9999.000 -9999.000 -9999.000 -9999.000 156.490 156.490 157.160 158.650 160.600 163.160 165.960 164.030 161.900 159.960 158.760 158.500 159.320 159.260 156.870 154.700 153.200 152.000 151.530 153.170 155.580 155.350 153.950 151.870 150.410 150.090 149.390 148.190 148.690 149.250 149.570 149.660 149.500 149.730 150.120 149.780 149.780 151.910 156.900 154.470
-9999.000 -9999.000 -9999.000 -9999.000 -9999.000 -9999.000 -9999.000 -9999.000 -9999.000 -9999.000 -9999.000 -9999.000 -9999.000 -9999.000 -9999.000 -9999.000 -9999.000 -9999.000 -9999.000 -9999.000 -9999.000 -9999.000 -9999.000 -9999.000 -9999.000 -9999.000 -9999.000 159.000 159.940 159.940 163.680 162.070 161.670 160.170 159.760 158.390 158.570 158.620 155.500 153.920 152.640 153.210 154.260 156.380 158.070 158.380 157.380 153.500 151.160 149.740 148.620 149.300 149.630 150.280 150.890 151.100 151.040 151.420 152.070 150.310 150.150 150.740 151.780 155.480
