check/dem.asc
ncols                240
nrows                400
xllcorner      4530000.0
yllcorner      5664000.0
cellsize             100
NODATA_value       -9999
[rows 84 to 111 of 400, columns 64 to 127 of 240]
143.490 146.920 148.310 151.720 152.200 152.590 152.120 150.850 150.820 149.100 147.790 146.860 148.420 151.020 152.520 154.040 157.080 157.660 155.310 153.740 152.710 152.120 152.370 -9999.000 -9999.000 -9999.000 -9999.000 -9999.000 -9999.000 -9999.000 -9999.000 -9999.000 -9999.000 -9999.000 -9999.000 -9999.000 -9999.000 -9999.000 -9999.000 -9999.000 -9999.000 -9999.000 -9999.000 -9999.000 -9999.000 -9999.000 -9999.000 -9999.000 -9999.000 -9999.000 -9999.000 -9999.000 -9999.000 -9999.000 -9999.000 -9999.000 -9999.000 -9999.000 -9999.000 -9999.000 -9999.000 -9999.000 -9999.000 -9999.000
139.720 144.030 147.290 147.820 143.050 143.050 148.430 146.940 148.280 146.860 145.540 146.870 149.790 152.810 154.190 156.080 158.640 156.260 154.240 152.660 151.900 152.240 153.310 153.790 -9999.000 -9999.000 -9999.000 -9999.000 -9999.000 -9999.000 -9999.000 -9999.000 -9999.000 -9999.000 -9999.000 -9999.000 -9999.000 -9999.000 -9999.000 -9999.000 -9999.000 -9999.000 -9999.000 -9999.000 -9999.000 -9999.000 -9999.000 -9999.000 -9999.000 -9999.000 -9999.000 -9999.000 -9999.000 -9999.000 -9999.000 -9999.000 -9999.000 -9999.000 -9999.000 -9999.000 -9999.000 -9999.000 -9999.000 -9999.000
137.130 142.040 143.560 143.590 144.310 143.050 145.650 143.970 144.720 144.020 145.420 149.720 154.160 156.210 156.670 157.020 156.250 153.780 152.070 151.440 151.760 153.640 154.240 154.620 154.850 -9999.000 -9999.000 -9999.000 -9999.000 -9999.000 -9999.000 -9999.000 -9999.000 -9999.000 -9999.000 -9999.000 -9999.000 -9999.000 -9999.000 -9999.000 -9999.000 -9999.000 -9999.000 -9999.000 -9999.000 -9999.000 -9999.000 -9999.000 -9999.000 -9999.000 -9999.000 -9999.000 -9999.000 -9999.000 -9999.000 -9999.000 -9999.000 -9999.000 -9999.000 -9999.000 -9999.000 -9999.000 -9999.000 -9999.000
134.590 137.680 138.320 138.960 139.760 140.620 140.900 140.800 141.900 143.080 147.410 151.570 156.300 158.940 157.740 154.310 152.330 151.160 150.080 150.060 153.290 154.640 153.890 156.370 155.790 -9999.000 -9999.000 -9999.000 -9999.000 -9999.000 -9999.000 -9999.000 -9999.000 -9999.000 -9999.000 -9999.000 -9999.000 -9999.000 -9999.000 -9999.000 -9999.000 -9999.000 -9999.000 -9999.000 -9999.000 -9999.000 -9999.000 -9999.000 -9999.000 -9999.000 -9999.000 -9999.000 -9999.000 -9999.000 -9999.000 -9999.000 -9999.000 -9999.000 -9999.000 -9999.000 -9999.000 -9999.000 -9999.000 -9999.000
132.360 134.510 135.150 135.860 136.570 136.330 138.020 139.360 140.990 144.140 147.770 151.860 151.850 155.180 154.320 152.340 150.890 149.570 148.450 149.000 151.300 151.400 152.290 154.890 155.110 155.080 156.490 -9999.000 -9999.000 -9999.000 -9999.000 -9999.000 -9999.000 -9999.000 -9999.000 -9999.000 -9999.000 -9999.000 -9999.000 -9999.000 -9999.000 -9999.000 -9999.000 -9999.000 -9999.000 -9999.000 -9999.000 -9999.000 -9999.000 -9999.000 -9999.000 -9999.000 -9999.000 -9999.000 -9999.000 -9999.000 -9999.000 -9999.000 -9999.000 -9999.000 -9999.000 -9999.000 -9999.000 -9999.000
131.030 132.160 133.110 133.610 134.930 136.790 138.920 139.880 141.840 144.890 147.850 149.170 148.790 150.100 150.630 150.290 149.220 147.810 147.500 146.980 148.360 149.040 150.760 151.640 151.940 152.590 155.820 157.060 157.880 -9999.000 -9999.000 -9999.000 -9999.000 -9999.000 -9999.000 -9999.000 -9999.000 -9999.000 -9999.000 -9999.000 -9999.000 -9999.000 -9999.000 -9999.000 -9999.000 -9999.000 -9999.000 -9999.000 -9999.000 -9999.000 -9999.000 -9999.000 -9999.000 -9999.000 -9999.000 -9999.000 -9999.000 -9999.000 -9999.000 -9999.000 -9999.000 -9999.000 -9999.000 -9999.000
130.880 130.990 131.590 134.470 137.400 140.140 141.300 141.390 141.980 143.340 144.400 144.970 145.960 147.360 148.500 148.380 147.240 146.780 146.720 145.640 145.010 147.350 149.710 149.580 149.930 150.980 153.930 155.550 158.610 162.660 165.840 162.450 162.930 161.290 159.190 -9999.000 -9999.000 -9999.000 -9999.000 -9999.000 -9999.000 -9999.000 -9999.000 -9999.000 -9999.000 -9999.000 -9999.000 -9999.000 -9999.000 -9999.000 -9999.000 -9999.000 -9999.000 -9999.000 -9999.000 -9999.000 -9999.000 -9999.000 -9999.000 -9999.000 -9999.000 -9999.000 -9999.000 -9999.000
128.960 129.620 133.040 136.900 142.500 143.660 141.140 140.220 139.710 140.700 141.430 141.710 143.060 144.690 146.070 146.740 145.460 145.730 145.480 144.080 144.040 146.300 146.700 146.960 147.880 149.250 152.380 154.340 158.710 162.610 160.380 160.920 161.330 159.370 158.040 156.710 155.450 155.100 157.410 -9999.000 -9999.000 -9999.000 -9999.000 -9999.000 -9999.000 -9999.000 -9999.000 -9999.000 -9999.000 -9999.000 -9999.000 -9999.000 -9999.000 -9999.000 -9999.000 -9999.000 -9999.000 -9999.000 -9999.000 -9999.000 -9999.000 -9999.000 -9999.000 -9999.000
125.740 130.750 134.080 136.940 139.550 139.570 137.880 137.430 137.270 137.850 138.130 138.780 140.040 141.690 143.610 145.290 143.950 142.340 142.130 141.930 144.650 145.080 144.780 145.170 146.560 147.480 150.840 151.980 153.670 155.900 158.470 158.870 158.430 158.420 157.930 156.640 155.550 154.690 154.760 156.570 157.970 158.150 156.150 -9999.000 -9999.000 -9999.000 -9999.000 -9999.000 -9999.000 -9999.000 -9999.000 -9999.000 -9999.000 -9999.000 -9999.000 -9999.000 -9999.000 -9999.000 -9999.000 -9999.000 -9999.000 -9999.000 -9999.000 -9999.000
124.070 131.990 133.040 132.700 135.710 134.230 134.770 134.390 134.400 134.810 134.840 136.150 137.810 140.110 142.190 143.300 141.320 140.120 140.770 142.240 142.570 143.110 143.000 144.210 145.110 144.960 148.010 150.300 152.990 154.970 156.680 156.860 158.320 159.230 159.660 157.300 156.230 155.190 153.980 152.850 153.160 153.210 153.810 -9999.000 -9999.000 -9999.000 -9999.000 -9999.000 -9999.000 -9999.000 -9999.000 -9999.000 -9999.000 -9999.000 -9999.000 -9999.000 -9999.000 -9999.000 -9999.000 -9999.000 -9999.000 -9999.000 -9999.000 -9999.000
123.810 125.550 129.830 131.750 131.520 131.090 131.830 131.670 130.440 131.060 131.980 134.440 137.350 139.640 140.740 140.260 138.330 139.400 140.410 141.030 140.800 140.610 141.740 142.980 143.290 143.170 146.650 149.690 154.000 154.510 154.570 156.150 160.390 162.420 161.420 157.010 154.280 152.310 151.360 150.920 151.650 152.630 154.050 155.440 -9999.000 -9999.000 -9999.000 -9999.000 -9999.000 -9999.000 -9999.000 -9999.000 -9999.000 -9999.000 -9999.000 -9999.000 -9999.000 -9999.000 -9999.000 -9999.000 -9999.000 -9999.000 -9999.000 -9999.000
121.130 124.450 126.900 127.590 127.540 127.400 126.950 127.110 129.160 131.610 134.490 137.000 138.260 137.980 136.720 137.890 138.440 138.900 138.630 138.610 139.880 141.240 141.220 141.380 142.460 144.460 147.790 150.360 151.700 152.700 154.560 157.660 162.580 157.430 154.700 152.910 151.660 150.500 149.990 150.670 151.800 153.980 156.450 157.190 157.320 -9999.000 -9999.000 -9999.000 -9999.000 -9999.000 -9999.000 -9999.000 -9999.000 -9999.000 -9999.000 -9999.000 -9999.000 -9999.000 -9999.000 -9999.000 -9999.000 -9999.000 -9999.000 -9999.000
119.940 121.140 121.290 123.960 124.150 123.970 124.760 126.890 129.790 132.520 135.140 137.220 137.210 136.090 134.950 136.490 137.090 137.040 136.960 137.900 140.170 140.910 139.340 140.900 143.170 145.380 146.880 148.810 149.860 151.180 152.440 153.260 153.470 153.000 153.000 152.470 151.400 151.170 149.510 150.920 153.340 155.240 155.350 155.210 154.980 154.870 -9999.000 -9999.000 -9999.000 -9999.000 -9999.000 -9999.000 -9999.000 -9999.000 -9999.000 -9999.000 -9999.000 -9999.000 -9999.000 -9999.000 -9999.000 -9999.000 -9999.000 -9999.000
123.240 119.940 119.990 120.310 120.820 122.570 125.390 127.650 130.540 133.460 134.970 135.480 135.480 133.140 136.050 136.890 136.840 136.260 135.930 136.620 137.070 137.730 139.160 141.290 143.990 146.510 147.060 148.670 149.550 150.330 150.830 150.810 150.940 151.350 150.880 150.750 149.960 149.290 149.650 152.540 155.060 155.510 154.650 155.380 154.890 152.660 152.480 -9999.000 -9999.000 -9999.000 -9999.000 -9999.000 -9999.000 -9999.000 -9999.000 -9999.000 -9999.000 -9999.000 -9999.000 -9999.000 -9999.000 -9999.000 -9999.000 -9999.000
126.410 123.210 121.260 120.340 120.310 120.990 124.200 127.620 130.880 132.980 134.060 133.660 133.700 131.170 134.640 135.980 135.820 135.420 134.850 135.360 135.980 137.670 139.790 143.180 147.030 150.100 148.510 150.360 150.820 151.040 151.190 150.750 150.100 151.270 149.000 147.760 147.030 147.250 148.950 153.240 157.070 156.680 154.670 153.850 151.990 151.640 151.860 151.700 151.650 -9999.000 -9999.000 -9999.000 -9999.000 -9999.000 -9999.000 -9999.000 -9999.000 -9999.000 -9999.000 -9999.000 -9999.000 -9999.000 -9999.000 -9999.000
127.530 125.220 123.580 120.890 120.310 120.380 123.780 128.030 131.170 131.900 133.090 131.830 131.570 129.900 132.600 134.730 135.070 134.620 134.120 136.740 137.840 138.460 140.890 146.390 152.420 155.080 152.240 153.020 152.330 152.910 154.540 153.250 149.890 148.250 146.520 146.150 145.620 145.900 148.350 152.800 155.300 154.110 151.440 150.990 150.640 150.960 151.370 151.400 151.600 -9999.000 -9999.000 -9999.000 -9999.000 -9999.000 -9999.000 -9999.000 -9999.000 -9999.000 -9999.000 -9999.000 -9999.000 -9999.000 -9999.000 -9999.000
128.120 126.260 125.540 122.590 120.310 120.440 123.190 126.360 128.390 129.390 126.950 128.790 127.850 128.880 132.190 133.740 134.940 133.710 132.820 139.800 141.310 139.000 141.330 146.970 152.660 155.260 156.750 156.640 153.710 155.600 165.890 157.850 149.960 146.170 144.990 144.790 144.870 145.530 147.210 148.860 149.880 150.180 149.490 149.620 149.590 150.500 150.730 151.080 151.650 153.070 -9999.000 -9999.000 -9999.000 -9999.000 -9999.000 -9999.000 -9999.000 -9999.000 -9999.000 -9999.000 -9999.000 -9999.000 -9999.000 -9999.000
128.720 127.040 125.440 123.080 121.070 120.310 120.940 122.960 125.650 125.900 125.010 124.460 126.390 129.810 133.530 134.340 134.470 132.690 131.080 132.440 134.060 136.610 140.670 144.720 148.480 151.440 160.320 160.560 152.990 152.070 153.430 152.000 147.290 145.000 143.180 144.180 144.780 144.590 145.200 145.950 147.760 148.140 148.040 148.720 149.840 149.820 150.200 151.170 152.170 152.790 -9999.000 -9999.000 -9999.000 -9999.000 -9999.000 -9999.000 -9999.000 -9999.000 -9999.000 -9999.000 -9999.000 -9999.000 -9999.000 -9999.000
129.110 127.780 126.090 124.780 123.240 121.240 120.460 120.460 122.850 122.350 122.210 126.740 130.610 132.910 134.360 133.660 132.560 131.000 130.280 132.150 135.740 139.740 143.130 144.240 146.120 148.330 154.400 156.400 149.560 147.710 146.960 146.140 144.480 143.330 141.820 142.850 142.980 143.700 144.280 144.990 146.620 147.060 147.510 148.020 148.890 149.460 150.380 151.590 152.810 153.690 -9999.000 -9999.000 -9999.000 -9999.000 -9999.000 -9999.000 -9999.000 -9999.000 -9999.000 -9999.000 -9999.000 -9999.000 -9999.000 -9999.000
129.170 128.380 127.680 127.130 126.180 125.840 123.800 121.500 120.480 120.480 124.160 128.470 135.750 140.350 136.430 133.810 131.040 129.380 129.900 133.080 138.390 147.290 146.950 146.230 146.680 147.030 152.760 153.520 147.030 145.160 143.610 142.650 141.960 140.980 141.320 143.440 144.480 145.290 145.750 146.360 147.210 147.650 148.120 148.270 148.820 149.350 150.030 151.130 152.170 154.210 -9999.000 -9999.000 -9999.000 -9999.000 -9999.000 -9999.000 -9999.000 -9999.000 -9999.000 -9999.000 -9999.000 -9999.000 -9999.000 -9999.000
129.430 128.960 128.760 128.200 127.310 126.920 124.590 123.720 121.870 120.480 128.090 131.960 138.420 144.220 138.170 132.120 129.630 127.060 130.900 135.830 137.410 143.140 145.500 147.150 146.910 146.280 147.730 147.300 145.890 144.820 144.170 142.420 140.310 139.930 143.350 145.060 146.820 146.880 147.260 147.740 148.500 149.730 149.210 149.480 149.750 149.720 150.120 150.940 152.120 153.570 154.470 -9999.000 -9999.000 -9999.000 -9999.000 -9999.000 -9999.000 -9999.000 -9999.000 -9999.000 -9999.000 -9999.000 -9999.000 -9999.000
129.790 129.560 129.250 128.270 127.160 126.960 125.210 123.710 121.600 120.480 125.440 131.530 136.200 137.960 133.510 129.580 127.240 126.700 132.480 139.510 141.430 143.760 146.190 147.190 146.560 146.280 146.280 146.350 146.810 147.390 145.490 142.220 139.190 140.310 144.390 146.400 147.270 147.400 148.010 148.510 150.270 152.050 150.010 150.130 150.080 150.150 150.490 151.210 152.160 153.200 154.530 154.740 154.650 -9999.000 -9999.000 -9999.000 -9999.000 -9999.000 -9999.000 -9999.000 -9999.000 -9999.000 -9999.000 -9999.000
130.590 129.810 129.830 128.960 128.380 128.070 126.090 123.850 121.190 120.480 129.000 132.650 130.120 129.030 126.680 125.300 123.990 126.630 134.170 128.500 131.250 147.040 151.540 147.410 146.490 146.280 146.860 146.760 147.900 147.580 145.870 143.170 139.460 138.970 144.060 145.440 146.110 147.420 148.230 149.120 150.820 150.350 149.870 149.570 149.630 150.200 150.850 151.600 152.550 153.350 153.200 153.750 154.500 154.900 -9999.000 -9999.000 -9999.000 -9999.000 -9999.000 -9999.000 -9999.000 -9999.000 -9999.000 -9999.000
129.300 130.020 129.800 129.540 129.290 128.100 126.330 124.030 121.230 120.480 120.480 120.950 121.030 121.070 121.930 122.890 122.940 126.500 130.290 127.180 136.390 139.870 144.100 145.100 149.440 145.670 146.720 146.510 146.670 145.680 144.160 141.760 138.720 137.790 142.110 142.570 145.860 146.940 147.210 147.730 148.070 149.310 149.520 148.490 149.110 149.560 150.790 151.720 153.030 153.870 153.430 153.720 153.920 153.960 -9999.000 -9999.000 -9999.000 -9999.000 -9999.000 -9999.000 -9999.000 -9999.000 -9999.000 -9999.000
129.290 129.880 130.250 130.410 130.100 128.480 126.520 125.260 123.210 120.990 120.480 120.480 120.480 121.120 121.250 121.250 121.250 122.330 127.180 131.580 135.510 138.890 141.140 142.440 143.870 143.130 145.560 146.080 145.140 144.660 143.870 141.770 139.380 136.930 136.720 140.290 144.630 145.040 145.260 145.350 144.770 147.210 148.190 145.490 146.090 148.860 150.520 151.570 152.570 154.430 154.360 154.650 154.290 154.290 154.680 -9999.000 -9999.000 -9999.000 -9999.000 -9999.000 -9999.000 -9999.000 -9999.000 -9999.000
129.240 130.030 130.730 130.640 130.490 129.030 127.400 126.330 124.490 122.490 121.570 121.280 121.700 122.560 122.540 121.990 121.350 121.250 124.300 129.130 132.260 134.640 137.050 138.750 139.780 139.590 143.250 144.000 144.070 142.820 142.160 141.540 140.690 139.360 136.630 137.250 141.470 141.880 143.070 142.850 142.300 144.080 145.320 146.040 148.220 148.770 150.190 151.160 151.870 153.400 155.460 155.530 155.060 154.920 155.200 155.170 154.700 -9999.000 -9999.000 -9999.000 -9999.000 -9999.000 -9999.000 -9999.000
129.190 129.710 130.330 130.810 130.750 129.720 128.300 127.110 125.590 124.510 123.300 123.260 123.960 124.190 124.230 123.340 122.030 121.250 121.600 126.000 128.290 129.800 132.210 133.730 135.820 137.070 140.030 141.570 141.220 140.370 140.570 140.470 139.990 139.160 137.770 134.930 136.770 139.730 140.310 140.140 139.230 139.810 144.380 147.780 147.550 147.430 147.600 148.220 149.500 151.430 155.050 155.280 154.900 154.280 154.870 154.860 154.230 154.130 154.280 -9999.000 -9999.000 -9999.000 -9999.000 -9999.000
129.220 129.370 130.050 130.660 130.980 130.400 129.050 127.600 126.020 124.910 124.990 125.960 126.070 126.000 125.300 124.080 121.520 121.250 121.580 122.760 125.530 126.950 129.510 131.490 133.740 133.580 137.150 138.110 138.360 137.880 137.960 137.850 138.080 137.680 137.530 134.930 135.510 137.380 137.510 137.000 137.350 140.290 142.840 143.460 144.480 144.450 144.400 144.760 145.840 147.330 153.030 152.870 153.050 153.240 153.380 153.230 153.240 153.320 153.720 154.370 154.630 -9999.000 -9999.000 -9999.000
