check/dem.asc
ncols                240
nrows                400
xllcorner      4530000.0
yllcorner      5664000.0
cellsize             100
NODATA_value       -9999
[rows 140 to 167 of 400, columns 64 to 127 of 240]
124.520 124.270 124.270 123.800 123.920 124.420 123.020 123.960 124.360 123.910 123.750 123.480 123.450 123.620 123.790 123.320 123.170 123.540 123.940 123.760 124.120 125.010 125.720 125.500 125.770 125.280 125.390 125.000 124.720 125.230 125.860 125.520 125.990 126.060 126.470 126.320 126.440 127.360 128.150 128.770 128.820 129.240 130.060 130.060 130.700 131.490 132.800 133.110 133.870 134.160 134.150 134.930 135.470 136.120 136.520 137.810 138.520 139.220 139.590 140.870 141.840 143.420 145.260 147.200
124.310 124.270 124.540 124.760 124.640 123.930 123.020 123.020 123.290 123.020 123.580 123.130 123.020 123.020 123.020 123.260 123.020 123.370 123.560 123.280 124.060 124.560 125.610 125.780 125.450 125.210 125.280 124.720 124.720 124.720 125.470 125.560 125.650 126.010 126.230 125.980 126.300 127.140 127.230 127.910 128.680 129.520 130.590 130.420 130.860 131.210 132.400 132.920 133.400 133.880 134.060 134.520 135.040 135.560 136.000 137.300 137.950 138.540 139.760 141.200 142.380 143.960 145.390 147.660
124.940 125.160 125.590 125.560 125.600 124.630 123.860 123.020 123.020 123.020 123.020 123.370 123.400 123.020 123.020 123.020 123.020 123.020 123.020 123.160 123.410 124.510 124.800 125.510 125.180 125.120 124.860 124.720 124.720 124.740 125.460 125.560 125.530 125.710 125.720 125.930 126.910 127.030 127.590 128.290 129.350 129.680 130.280 130.420 130.680 130.710 131.370 132.460 133.510 134.600 134.140 134.480 134.540 135.170 136.120 137.430 137.590 138.800 139.890 141.090 142.760 144.240 146.250 148.320
126.080 126.150 126.700 125.950 126.020 126.470 124.730 123.990 123.480 123.020 123.020 123.060 123.090 123.020 123.020 123.020 123.020 123.020 123.020 125.790 123.360 124.570 125.150 125.680 125.940 125.330 124.720 124.720 124.720 125.010 125.350 125.600 125.890 125.430 125.300 126.040 127.350 128.200 128.770 129.010 128.990 129.010 130.100 129.780 130.040 130.530 131.220 132.640 133.440 133.330 134.970 135.200 135.330 135.440 136.470 137.080 137.760 138.620 139.720 141.200 142.690 144.870 147.070 149.240
126.450 126.680 126.120 126.630 126.140 125.340 125.390 124.760 124.110 123.490 123.020 123.020 123.020 123.020 123.040 123.030 123.020 123.020 125.850 123.930 124.570 125.100 125.640 125.810 125.610 124.990 124.720 124.720 125.060 125.260 125.260 125.460 125.250 125.300 126.210 127.560 127.860 129.100 128.520 128.520 128.630 129.630 129.340 129.580 130.220 131.210 131.950 132.280 132.490 132.650 134.170 134.990 135.350 136.000 136.680 137.240 138.620 139.590 141.190 142.340 145.060 147.380 150.370 152.330
125.870 126.080 126.500 126.280 126.120 125.730 125.820 125.260 124.630 124.420 123.560 123.020 123.020 123.020 123.020 123.770 123.790 123.110 123.690 124.220 124.740 125.340 125.350 125.670 125.470 124.720 124.980 124.720 124.780 124.820 124.940 125.250 125.340 125.340 126.580 127.690 127.990 128.510 129.060 129.440 129.650 129.710 129.280 129.460 129.880 130.390 130.710 131.190 131.760 132.120 133.440 134.710 134.990 135.360 136.200 137.070 138.360 139.870 141.440 143.070 145.130 147.780 151.570 152.960
126.290 125.810 125.910 126.600 126.220 125.560 126.010 125.330 124.520 124.460 123.720 123.020 123.020 123.100 123.020 123.800 123.840 123.640 123.980 124.720 125.280 125.340 125.130 125.140 124.680 124.680 125.340 125.050 124.760 124.760 124.960 125.520 125.970 126.580 126.820 127.290 127.430 128.150 128.540 129.070 128.950 129.230 129.230 129.340 130.040 130.470 130.490 130.870 130.620 131.130 133.110 134.170 134.440 135.280 136.260 137.180 138.540 140.080 141.120 143.180 146.040 149.950 150.740 152.590
126.640 126.220 125.810 126.290 125.520 125.520 125.810 125.130 124.810 124.150 123.460 123.020 123.280 123.930 123.480 123.260 123.700 123.960 124.590 124.920 125.220 124.940 125.040 124.890 124.730 124.680 125.110 125.020 125.090 124.800 124.780 126.180 126.840 127.270 127.320 127.200 126.960 127.690 127.580 128.360 128.700 129.590 129.990 129.960 130.040 130.320 130.380 130.540 131.130 131.640 132.410 133.820 134.690 135.660 136.540 137.360 138.960 140.050 141.380 143.000 145.010 147.670 150.200 152.250
126.260 126.460 125.810 125.860 125.520 125.840 125.780 125.050 124.640 124.020 123.500 123.020 123.440 123.770 123.970 123.620 123.350 123.560 124.270 124.850 124.880 125.370 125.020 125.180 125.230 124.680 124.680 124.680 125.200 125.690 125.730 126.580 126.810 126.770 127.570 127.490 126.720 126.880 127.190 127.520 127.960 129.090 129.400 129.520 129.880 130.200 130.610 130.860 131.280 132.640 132.400 133.630 134.860 135.500 136.450 137.620 139.030 139.870 141.070 142.680 145.460 149.100 149.810 151.220
126.130 125.840 125.620 125.700 124.970 125.520 125.680 125.210 124.250 123.880 123.170 123.170 123.490 123.640 124.210 124.010 123.880 123.440 123.440 123.440 124.010 124.890 124.740 124.540 124.510 124.720 124.830 124.890 125.240 125.600 126.200 126.690 126.420 126.810 127.060 126.580 126.560 126.770 126.840 126.840 127.320 128.280 128.470 128.870 129.770 130.430 131.280 132.140 132.610 133.990 133.140 134.100 135.210 135.980 136.120 137.230 138.250 138.990 140.150 143.060 146.140 149.170 150.440 151.260
125.530 125.990 125.740 125.390 124.650 124.380 124.840 124.220 123.810 123.550 123.510 123.460 123.580 123.750 123.870 124.260 124.660 123.840 124.440 123.800 123.610 124.060 124.290 124.260 124.300 124.050 125.460 125.810 125.710 125.270 126.060 126.420 126.740 126.600 126.500 126.410 126.480 126.720 126.870 126.850 127.420 128.110 128.830 129.080 130.280 130.950 132.360 133.540 134.150 134.940 134.610 135.150 135.900 136.390 136.500 136.750 137.510 138.840 140.480 142.690 145.580 147.760 149.660 151.130
125.010 125.730 125.180 124.600 124.410 123.810 123.810 123.810 123.890 123.730 123.870 123.770 124.080 124.150 124.010 124.160 124.410 123.930 124.320 124.320 124.000 123.680 123.810 124.100 124.030 124.030 124.700 125.180 125.600 125.880 126.180 126.740 126.790 126.830 126.410 126.610 126.740 126.810 127.080 127.120 127.520 129.060 129.400 128.980 130.560 131.870 133.040 136.470 136.890 136.210 135.880 136.350 136.900 137.460 137.720 137.530 137.990 139.020 139.920 141.900 144.710 145.660 148.010 149.670
124.950 124.960 124.450 124.290 124.320 124.160 123.880 124.100 124.220 124.310 124.610 124.620 124.810 124.570 124.470 124.620 124.600 123.940 124.290 124.890 124.640 123.690 123.680 124.150 124.030 124.030 124.440 124.860 125.200 125.820 126.130 126.380 126.370 126.370 126.370 126.690 126.680 126.930 127.960 127.860 127.630 130.610 129.150 128.980 130.640 132.360 133.400 136.310 139.150 138.390 136.310 136.990 137.490 138.360 139.090 139.230 138.990 139.610 140.260 140.860 142.190 142.460 145.850 147.320
124.740 124.610 124.350 124.290 124.290 124.290 124.380 124.540 124.980 125.280 125.160 125.320 125.720 124.940 124.980 124.730 124.040 123.940 124.280 124.890 125.250 124.020 123.680 124.030 124.030 124.030 124.030 124.520 125.760 125.760 125.710 126.100 126.840 126.880 127.100 126.660 126.800 127.570 127.700 127.540 127.960 129.010 130.180 129.910 131.670 132.930 134.200 135.800 137.620 139.260 137.900 138.310 139.000 140.340 140.680 140.210 141.050 140.960 141.680 139.770 139.840 140.330 143.010 144.380
124.430 124.360 124.330 124.290 124.840 124.710 124.910 125.080 125.330 125.580 126.040 126.040 125.750 125.510 125.580 125.090 124.140 123.940 124.100 124.780 125.180 124.720 124.200 124.600 124.030 124.030 124.030 124.410 125.370 125.470 126.190 126.240 126.100 126.100 126.350 126.220 126.940 127.350 127.070 127.740 128.250 129.110 130.540 130.450 131.950 133.670 135.100 136.170 136.970 138.290 139.510 139.880 140.610 140.330 139.820 139.690 139.930 140.650 140.580 139.550 138.840 139.250 141.160 142.630
124.760 124.330 124.420 124.640 125.030 125.490 125.410 125.810 125.620 126.240 125.980 125.880 125.640 125.790 125.780 125.290 124.310 123.940 124.250 124.880 125.150 125.500 124.440 124.430 124.200 124.030 124.030 124.580 125.490 125.960 126.080 126.300 126.100 126.100 126.180 126.130 126.410 127.100 126.930 127.880 128.240 128.860 129.500 130.180 131.930 133.080 135.710 136.530 136.870 137.410 139.260 139.490 139.410 138.950 138.180 138.530 138.810 139.380 139.120 138.730 138.490 138.710 139.100 140.050
125.070 124.350 124.660 124.870 125.620 125.470 125.530 125.580 125.860 126.580 125.770 125.950 125.640 125.930 125.970 125.330 124.850 124.130 124.380 124.890 124.750 125.080 124.490 124.700 124.120 124.210 124.050 124.820 125.610 126.290 126.530 126.470 126.250 126.120 126.130 126.330 126.570 126.850 127.210 127.820 127.820 128.600 129.350 129.940 131.280 132.570 135.730 137.170 137.280 136.870 137.880 138.160 138.060 137.660 137.270 137.450 137.980 138.080 138.070 137.810 137.720 137.500 137.340 138.110
125.190 125.000 125.180 125.690 125.810 125.740 125.670 125.760 125.760 125.820 125.800 125.680 125.960 126.520 126.180 125.720 124.960 124.220 124.180 124.730 124.810 125.080 125.230 125.010 124.300 124.540 124.050 124.410 125.370 126.200 126.720 127.120 127.410 127.430 127.440 127.070 126.950 127.150 127.720 128.420 128.880 129.200 130.600 130.930 130.980 131.680 134.010 137.140 136.980 135.740 136.590 136.800 137.010 136.670 136.760 136.620 136.840 136.560 136.490 136.300 136.470 136.070 136.310 137.120
125.460 125.390 125.080 125.130 125.220 125.550 125.940 125.670 125.790 125.700 125.700 126.170 126.410 126.630 125.860 125.630 125.100 124.520 124.460 124.830 124.800 125.120 125.080 124.670 124.520 125.350 124.240 124.470 125.460 126.600 127.680 127.860 128.190 128.360 128.230 127.750 127.480 127.750 128.420 129.500 130.430 130.860 132.110 132.530 132.020 132.290 133.700 135.540 135.190 134.280 135.040 134.940 134.920 135.190 135.840 136.420 135.470 134.980 135.050 135.240 135.490 135.210 135.510 135.910
125.520 125.080 125.080 125.100 125.340 125.330 125.940 126.100 125.820 125.980 125.810 126.020 126.110 126.380 125.830 125.320 125.310 124.510 124.460 124.890 125.040 124.800 124.820 125.090 124.530 124.880 124.260 124.780 125.130 126.900 128.090 129.940 131.260 130.690 129.440 128.960 128.280 128.280 129.180 131.120 133.380 132.880 132.580 132.160 132.400 132.680 133.630 133.150 132.620 132.400 133.650 133.470 133.460 133.840 134.370 133.800 133.580 133.790 134.150 134.580 135.060 135.100 135.220 135.450
126.510 125.120 125.360 125.680 126.050 125.580 125.890 125.820 125.820 126.030 126.320 125.890 125.850 126.030 126.160 125.490 124.810 124.590 124.460 124.850 125.190 124.800 124.860 124.920 124.760 124.910 124.260 124.610 125.120 126.890 129.110 133.760 129.440 129.440 131.460 129.490 128.970 129.310 132.480 130.840 128.870 136.030 132.150 131.580 131.400 131.700 131.510 131.410 131.230 131.120 132.220 132.100 132.200 132.560 133.020 132.910 133.010 133.270 133.570 134.010 134.350 135.180 135.130 135.550
127.750 125.730 125.630 126.290 125.840 125.810 125.980 125.820 125.820 125.820 126.020 125.820 126.280 126.440 125.960 125.500 125.110 125.070 125.050 125.290 125.550 125.560 125.140 125.150 125.560 125.240 124.660 124.390 124.930 126.550 129.110 133.630 129.440 129.440 131.710 129.950 129.300 129.660 132.650 128.870 128.870 137.400 132.530 130.960 130.740 130.670 130.780 130.670 130.670 130.750 131.220 131.080 131.440 132.040 132.800 132.850 132.850 132.850 132.970 133.580 133.640 134.560 134.980 135.560
128.920 126.490 126.020 126.290 125.880 126.700 125.870 125.820 125.820 125.970 125.820 125.820 125.820 126.370 126.190 125.310 125.300 125.210 125.050 125.050 125.050 125.990 125.540 126.070 125.700 130.550 124.870 125.300 125.590 126.280 128.010 129.830 131.230 130.670 129.860 128.910 128.610 128.990 133.660 128.870 128.870 132.830 131.900 130.490 130.010 129.920 130.510 130.570 130.460 130.460 130.750 130.840 131.090 131.410 132.490 132.840 132.840 132.840 132.840 133.330 133.690 134.650 134.970 135.730
126.630 128.230 126.410 125.940 126.040 129.070 125.970 125.820 125.980 126.140 125.820 125.960 126.170 125.920 125.880 125.370 125.160 125.050 125.670 125.630 125.720 126.200 125.870 126.160 126.070 125.090 124.870 124.870 126.270 126.750 127.940 127.910 127.720 128.170 128.080 128.160 128.340 128.840 128.990 129.700 128.870 130.680 130.140 129.680 129.270 129.460 130.290 130.320 130.410 130.410 130.620 130.820 131.060 131.690 132.370 132.850 132.840 132.940 133.430 133.640 134.580 135.520 135.850 135.970
127.000 126.220 126.140 126.310 126.250 125.820 125.820 126.390 126.080 126.040 126.040 125.900 125.880 125.660 125.480 125.380 125.280 125.260 125.640 125.630 125.630 126.150 126.170 126.020 125.570 124.870 124.870 125.320 125.960 126.630 127.110 127.110 127.110 127.110 128.920 128.690 128.770 129.070 128.870 128.870 132.240 129.570 129.300 129.420 129.220 129.860 130.080 130.360 130.630 130.890 130.550 130.790 130.990 131.440 131.620 132.840 132.940 134.570 135.670 136.350 135.650 137.520 138.660 137.870
127.250 127.020 126.910 126.310 125.820 125.820 125.820 126.260 126.040 126.130 126.280 126.140 126.040 125.660 125.280 125.280 125.320 125.580 125.810 125.860 125.830 125.970 125.900 125.710 125.120 124.870 124.910 125.710 126.140 126.840 127.240 129.240 127.110 129.310 129.550 128.810 128.590 128.570 128.910 128.870 129.460 129.110 129.070 129.220 129.700 129.640 130.500 130.580 130.880 130.610 130.550 130.550 130.640 131.390 131.780 133.660 137.920 139.070 140.080 140.390 140.510 141.260 143.220 141.440
126.730 127.090 126.490 126.310 125.820 125.820 125.820 126.050 126.330 126.230 126.210 125.960 125.580 125.290 125.280 125.280 125.520 125.380 125.870 126.030 126.020 126.160 125.820 126.110 125.110 124.870 125.480 125.860 125.840 126.340 126.860 127.700 129.170 129.260 128.990 128.630 128.510 128.690 129.100 129.070 129.070 129.070 129.070 129.070 129.070 129.980 130.570 130.250 130.620 130.550 130.650 130.550 130.750 131.570 132.400 134.120 140.930 144.600 150.470 150.310 148.240 147.050 148.990 154.040
126.590 127.220 126.960 126.140 125.820 126.090 126.330 126.620 129.750 127.860 126.020 125.880 126.340 125.610 125.280 125.700 125.800 125.380 125.750 126.110 126.150 126.330 126.180 125.920 125.560 124.870 125.510 126.130 126.180 126.090 126.390 126.730 127.940 128.620 128.550 128.510 128.640 128.940 129.300 129.400 129.130 129.170 129.070 129.070 129.070 129.760 129.870 129.960 130.280 130.320 130.650 130.590 130.750 131.280 132.880 135.440 140.660 139.740 139.740 169.380 168.180 165.440 167.040 172.850
