check/dem.asc
ncols                240
nrows                400
xllcorner      4530000.0
yllcorner      5664000.0
cellsize             100
NODATA_value       -9999
[rows 224 to 251 of 400, columns 128 to 191 of 240]
134.480 135.140 135.960 135.560 135.840 136.490 136.890 136.360 136.360 136.360 137.660 137.740 137.930 138.800 139.640 140.700 141.990 143.850 146.930 150.230 149.050 148.100 147.260 147.770 149.630 148.280 147.040 146.380 147.340 147.330 149.130 150.540 151.300 152.630 153.390 154.940 156.780 162.850 165.320 165.530 168.140 174.920 173.530 172.470 172.500 172.700 -9999.000 -9999.000 -9999.000 -9999.000 -9999.000 -9999.000 -9999.000 -9999.000 -9999.000 -9999.000 -9999.000 -9999.000 -9999.000 -9999.000 -9999.000 -9999.000 -9999.000 -9999.000
134.480 135.340 135.720 135.790 135.710 136.480 136.930 136.360 136.360 136.360 138.140 138.690 138.540 138.760 139.110 140.000 140.810 141.990 144.320 145.250 145.270 144.390 144.790 146.200 147.240 146.100 144.810 144.900 147.130 149.130 150.290 151.750 153.950 155.670 155.490 154.480 156.570 161.940 167.150 167.710 179.810 177.920 175.660 173.910 173.110 -9999.000 -9999.000 -9999.000 -9999.000 -9999.000 -9999.000 -9999.000 -9999.000 -9999.000 -9999.000 -9999.000 -9999.000 -9999.000 -9999.000 -9999.000 -9999.000 -9999.000 -9999.000 -9999.000
134.640 135.610 135.640 135.900 136.110 136.280 136.900 136.360 136.360 136.360 138.440 138.140 138.340 138.640 139.090 139.730 140.080 139.960 139.960 141.190 141.260 141.910 142.870 143.870 145.620 144.320 143.920 144.330 146.380 149.340 151.460 153.470 156.180 159.850 158.930 156.430 157.550 160.150 168.100 174.570 176.400 177.860 176.600 175.570 175.080 -9999.000 -9999.000 -9999.000 -9999.000 -9999.000 -9999.000 -9999.000 -9999.000 -9999.000 -9999.000 -9999.000 -9999.000 -9999.000 -9999.000 -9999.000 -9999.000 -9999.000 -9999.000 -9999.000
135.240 135.630 136.020 135.990 136.030 136.310 136.800 137.470 137.040 136.360 137.850 138.160 138.080 138.660 139.240 139.810 139.960 139.960 139.960 140.180 140.500 141.400 142.630 142.960 143.780 143.920 144.280 145.310 146.490 148.420 151.560 155.990 165.890 164.680 167.380 160.480 161.420 163.160 162.520 167.350 174.420 175.870 175.860 175.700 175.890 -9999.000 -9999.000 -9999.000 -9999.000 -9999.000 -9999.000 -9999.000 -9999.000 -9999.000 -9999.000 -9999.000 -9999.000 -9999.000 -9999.000 -9999.000 -9999.000 -9999.000 -9999.000 -9999.000
135.550 135.920 136.440 136.050 135.990 136.260 136.600 136.660 137.290 137.710 138.160 138.070 138.450 138.690 139.140 139.740 140.120 139.960 140.510 142.490 143.570 143.880 145.680 145.860 145.070 145.140 147.210 147.930 148.490 148.850 151.140 155.800 164.840 172.050 171.970 168.330 171.890 176.630 168.700 173.620 174.550 175.010 175.450 175.570 175.770 -9999.000 -9999.000 -9999.000 -9999.000 -9999.000 -9999.000 -9999.000 -9999.000 -9999.000 -9999.000 -9999.000 -9999.000 -9999.000 -9999.000 -9999.000 -9999.000 -9999.000 -9999.000 -9999.000
135.660 136.150 136.410 136.170 136.540 136.540 137.300 137.340 136.960 137.300 138.300 138.190 138.340 138.670 138.920 139.460 139.900 140.200 141.000 143.620 147.030 148.620 153.390 152.760 149.800 147.610 150.530 153.380 154.060 150.660 151.510 155.520 161.870 176.750 180.720 178.580 183.640 183.670 175.170 170.820 174.450 175.860 176.520 176.980 177.520 -9999.000 -9999.000 -9999.000 -9999.000 -9999.000 -9999.000 -9999.000 -9999.000 -9999.000 -9999.000 -9999.000 -9999.000 -9999.000 -9999.000 -9999.000 -9999.000 -9999.000 -9999.000 -9999.000
136.070 136.390 136.220 136.520 137.210 137.020 137.240 137.300 137.370 137.420 137.490 138.140 138.050 138.470 138.930 139.350 139.980 140.530 141.250 143.810 147.840 158.110 157.380 157.440 154.680 151.200 149.690 152.690 153.140 152.800 154.840 155.790 161.630 173.420 184.200 184.750 186.990 186.310 179.600 176.490 176.060 177.600 178.590 179.260 180.870 -9999.000 -9999.000 -9999.000 -9999.000 -9999.000 -9999.000 -9999.000 -9999.000 -9999.000 -9999.000 -9999.000 -9999.000 -9999.000 -9999.000 -9999.000 -9999.000 -9999.000 -9999.000 -9999.000
135.860 136.360 136.250 136.760 136.900 137.280 137.710 137.730 137.670 137.580 137.600 138.010 138.060 138.380 138.810 139.380 140.100 140.550 141.220 143.310 147.400 154.290 161.480 165.420 162.420 157.380 153.270 152.020 153.130 154.530 157.680 158.410 160.360 167.940 181.460 189.290 191.250 194.830 190.110 183.990 180.220 181.980 180.930 181.770 182.810 -9999.000 -9999.000 -9999.000 -9999.000 -9999.000 -9999.000 -9999.000 -9999.000 -9999.000 -9999.000 -9999.000 -9999.000 -9999.000 -9999.000 -9999.000 -9999.000 -9999.000 -9999.000 -9999.000
135.820 136.400 136.060 136.750 136.840 136.860 137.140 137.730 137.680 137.580 137.780 137.860 138.540 138.650 138.960 139.440 139.950 140.540 141.540 143.140 145.870 150.260 155.640 161.770 168.240 167.950 160.540 154.840 154.410 155.910 159.760 162.050 163.350 168.090 184.860 191.470 190.160 193.350 193.240 192.110 185.480 183.640 180.490 183.700 182.800 -9999.000 -9999.000 -9999.000 -9999.000 -9999.000 -9999.000 -9999.000 -9999.000 -9999.000 -9999.000 -9999.000 -9999.000 -9999.000 -9999.000 -9999.000 -9999.000 -9999.000 -9999.000 -9999.000
135.620 135.690 136.290 136.560 136.590 136.840 136.820 137.620 137.800 137.700 137.790 137.940 138.250 138.740 139.030 139.300 139.710 140.500 141.600 143.230 145.660 148.790 152.670 157.530 167.340 178.160 172.880 162.680 157.200 158.260 164.450 152.630 152.630 168.260 182.700 191.910 192.240 190.220 188.490 186.440 182.330 177.880 176.610 179.040 180.440 178.840 -9999.000 -9999.000 -9999.000 -9999.000 -9999.000 -9999.000 -9999.000 -9999.000 -9999.000 -9999.000 -9999.000 -9999.000 -9999.000 -9999.000 -9999.000 -9999.000 -9999.000 -9999.000
136.230 136.220 136.510 136.290 137.590 136.590 137.180 137.920 137.740 138.060 137.860 138.110 138.070 138.640 139.200 139.520 139.930 140.670 141.470 143.180 145.680 149.160 154.490 162.210 174.890 182.580 178.160 165.700 159.970 159.810 152.630 152.630 152.630 152.630 179.350 193.910 195.120 191.780 195.320 196.120 188.790 180.340 174.710 175.610 177.100 177.170 -9999.000 -9999.000 -9999.000 -9999.000 -9999.000 -9999.000 -9999.000 -9999.000 -9999.000 -9999.000 -9999.000 -9999.000 -9999.000 -9999.000 -9999.000 -9999.000 -9999.000 -9999.000
136.160 136.340 136.580 136.810 137.160 137.590 138.410 137.960 137.980 138.140 137.940 138.210 138.460 138.620 139.160 139.490 140.050 140.590 141.420 143.440 146.290 150.660 160.110 176.300 182.490 185.500 180.330 167.150 159.510 157.420 162.700 152.630 152.630 152.630 160.370 193.780 194.860 193.770 204.570 205.120 191.560 179.780 174.500 172.500 174.020 176.590 177.260 175.840 -9999.000 -9999.000 -9999.000 -9999.000 -9999.000 -9999.000 -9999.000 -9999.000 -9999.000 -9999.000 -9999.000 -9999.000 -9999.000 -9999.000 -9999.000 -9999.000
136.320 136.370 136.340 136.330 136.810 137.300 137.490 137.460 138.300 138.270 138.010 138.070 138.460 138.680 139.000 139.700 140.080 140.900 141.820 144.200 147.640 152.280 160.960 181.260 186.310 183.870 174.400 160.030 153.600 154.200 166.120 156.930 152.630 152.630 152.630 180.400 183.120 180.510 197.220 202.630 186.030 178.680 173.280 171.070 172.440 174.920 174.860 173.500 172.590 172.420 -9999.000 -9999.000 -9999.000 -9999.000 -9999.000 -9999.000 -9999.000 -9999.000 -9999.000 -9999.000 -9999.000 -9999.000 -9999.000 -9999.000
136.470 136.400 136.330 136.350 136.870 137.350 137.260 137.260 137.680 137.740 138.070 138.200 138.370 138.580 138.840 139.510 140.390 140.880 142.070 144.350 148.340 153.300 163.830 178.150 180.520 170.160 164.010 152.860 150.690 151.780 174.310 152.630 152.630 152.630 152.630 181.870 173.320 174.830 188.640 195.680 192.630 175.480 171.780 169.290 171.360 171.770 170.800 170.210 170.900 171.880 173.000 174.200 175.800 -9999.000 -9999.000 -9999.000 -9999.000 179.550 178.870 180.320 180.840 180.350 -9999.000 -9999.000
136.610 136.330 136.800 136.480 136.470 135.770 137.710 137.100 137.540 137.620 137.700 137.760 138.080 138.380 138.700 139.220 140.230 140.930 142.060 144.270 148.020 157.000 169.940 178.040 176.010 160.740 152.910 149.640 148.720 154.970 163.990 152.630 152.630 152.630 152.630 159.980 180.470 172.100 194.740 186.470 182.410 174.670 170.920 168.330 168.040 168.320 168.160 168.080 169.680 171.380 172.620 173.990 176.080 178.010 179.360 179.790 179.650 178.930 177.610 178.290 179.320 180.030 180.590 181.680
136.960 136.590 136.300 135.770 135.770 135.770 135.770 137.060 137.110 137.370 137.560 137.630 137.920 138.390 138.720 139.310 140.070 141.090 141.360 143.100 145.360 156.450 163.870 170.460 166.740 159.440 150.190 147.480 147.710 149.820 152.630 159.950 152.630 152.630 152.630 152.630 170.290 167.930 185.360 185.680 176.370 173.380 171.310 168.290 165.980 166.460 166.760 167.340 168.810 170.370 171.670 173.030 174.770 176.550 177.630 178.100 178.070 176.630 175.380 176.480 176.830 178.300 179.580 181.830
136.890 136.990 135.770 135.770 135.770 135.770 135.770 137.270 137.390 137.510 137.620 137.720 137.870 137.930 138.500 139.190 139.440 140.120 140.420 141.610 144.200 147.510 156.260 165.400 157.420 151.450 147.050 145.760 147.610 149.270 151.270 154.900 152.630 152.630 153.800 152.630 170.580 162.550 177.770 180.900 171.900 174.920 169.200 165.910 165.910 166.110 166.600 167.280 167.820 168.920 170.140 171.260 172.700 174.590 175.810 176.450 175.840 174.370 172.230 174.030 175.630 176.990 179.010 181.660
137.530 136.990 135.820 135.770 135.770 135.770 135.770 137.520 137.430 137.650 137.540 137.600 137.740 137.930 138.100 138.520 138.920 139.480 140.000 140.850 142.410 144.090 145.960 148.130 148.340 146.120 144.530 144.810 148.070 147.040 149.500 153.730 162.040 152.630 152.630 159.140 167.160 159.480 161.660 168.310 164.610 171.590 165.910 165.910 167.490 167.580 167.590 168.250 166.780 166.770 167.670 168.640 169.960 171.100 172.690 174.110 173.660 172.120 170.520 173.250 173.550 175.060 177.570 182.310
136.620 136.410 136.980 135.770 135.770 135.770 137.380 137.500 137.480 137.470 137.660 137.840 138.050 138.220 138.250 138.480 139.180 139.710 140.710 140.890 141.400 142.300 142.150 142.860 143.200 143.510 144.780 144.790 146.200 147.990 152.120 171.580 152.630 152.630 152.630 160.630 157.060 156.570 159.070 159.000 164.880 162.610 170.370 169.510 168.880 168.110 169.840 166.370 164.330 164.980 166.140 167.460 168.830 169.690 171.070 171.390 170.530 169.660 168.080 170.160 172.120 175.140 179.160 181.990
136.970 140.240 135.770 135.770 135.770 135.770 138.390 138.260 137.470 137.470 137.470 137.470 137.780 138.020 138.250 138.340 139.260 139.760 139.600 139.920 140.880 141.140 141.620 141.840 142.300 143.140 143.620 143.940 143.940 146.120 158.220 178.070 169.950 162.210 152.630 161.350 155.100 154.060 155.220 155.990 161.920 159.280 168.810 169.390 172.360 167.500 165.510 163.790 162.320 162.470 164.070 165.110 166.220 167.190 168.230 168.880 169.110 168.390 166.840 167.750 170.010 172.440 175.380 177.580
135.770 135.770 140.120 141.100 136.040 142.680 141.460 140.230 138.470 137.480 137.470 137.470 137.470 137.660 137.990 138.530 139.400 139.260 139.260 139.260 139.670 140.330 141.240 141.260 141.880 142.680 142.610 142.790 142.980 144.510 146.540 152.910 152.000 159.560 158.570 158.630 153.200 151.760 152.960 154.110 156.330 158.810 164.980 165.480 165.750 165.700 163.890 162.170 161.020 161.310 162.340 163.120 163.900 164.990 165.640 166.230 166.520 166.070 164.890 165.970 167.330 169.300 171.740 173.540
135.770 135.770 140.940 139.870 138.280 146.420 145.400 143.540 140.320 138.940 137.490 137.560 137.690 138.040 138.550 139.860 139.690 139.260 139.260 139.260 139.630 139.990 140.400 141.500 141.840 141.910 142.210 145.890 142.570 142.620 144.540 146.440 147.780 150.520 155.020 154.720 151.660 150.230 153.580 158.860 156.450 157.640 160.780 162.430 162.690 161.800 161.640 160.630 159.530 159.660 160.810 161.410 161.490 162.940 163.490 164.060 164.540 163.990 163.180 164.020 165.590 167.070 168.780 170.040
135.770 135.770 138.890 139.110 137.930 144.670 147.010 147.980 144.660 142.130 138.660 138.650 138.900 139.120 139.240 139.730 139.260 139.260 139.260 139.510 139.550 139.850 140.460 141.060 141.200 141.900 142.160 141.760 141.690 141.860 143.490 145.240 146.290 146.720 146.270 151.260 149.300 149.480 152.780 157.710 156.910 156.120 158.720 161.130 160.350 159.980 159.760 159.280 158.680 157.900 159.390 159.260 159.590 160.480 160.920 161.450 162.300 162.120 161.160 162.830 164.370 165.930 167.430 169.550
135.770 135.770 143.210 137.930 142.320 142.140 145.540 148.280 149.930 146.050 142.040 141.640 141.130 140.680 140.350 139.510 139.260 139.320 139.360 139.510 139.760 140.090 140.160 140.530 140.760 141.530 141.540 141.660 141.840 141.690 142.720 143.230 144.220 145.210 146.720 147.940 151.660 157.640 153.850 155.320 155.750 154.520 156.280 160.580 160.750 159.900 158.470 157.820 157.770 157.250 157.110 156.990 157.680 158.500 159.000 158.480 159.740 159.910 161.140 163.450 165.520 167.320 169.300 171.190
136.770 136.120 136.790 136.790 137.890 138.820 143.850 148.300 146.350 148.040 144.030 143.650 142.950 142.590 141.730 140.180 140.310 140.310 140.320 140.200 140.660 140.890 140.990 140.960 141.760 141.790 142.290 142.670 142.140 142.050 142.780 142.700 143.850 144.630 145.290 149.260 148.620 159.960 159.120 154.580 153.460 153.230 154.810 157.380 160.770 159.590 158.290 157.170 156.860 156.200 155.530 155.120 155.370 156.120 156.900 157.500 158.000 158.270 160.440 163.940 165.630 168.020 170.580 -9999.000
137.460 138.040 138.710 139.070 138.570 139.010 138.820 138.820 142.570 146.890 149.850 150.150 147.360 146.620 143.490 143.960 143.260 143.560 142.570 142.230 142.520 142.620 142.980 145.280 143.730 143.330 143.490 143.340 143.740 142.530 142.280 142.840 143.500 144.010 144.360 146.720 148.070 148.960 151.030 152.900 151.250 153.890 155.070 155.860 158.430 158.470 157.420 156.730 156.330 155.620 155.130 154.640 154.540 155.080 156.300 157.430 157.900 158.180 158.930 161.840 163.740 165.990 -9999.000 -9999.000
139.170 140.620 142.360 143.820 142.110 142.590 141.520 138.980 138.820 140.640 146.550 147.940 151.150 150.190 149.640 146.710 145.490 147.470 147.990 148.970 146.700 144.990 144.760 145.760 145.550 144.640 145.210 144.310 144.010 143.010 142.720 142.770 143.720 144.120 143.980 144.950 145.980 146.890 147.510 149.060 151.270 153.760 154.950 155.090 157.380 158.880 157.720 156.460 156.150 155.560 154.940 154.360 154.360 156.500 158.440 159.610 160.210 160.300 160.160 160.180 161.670 -9999.000 -9999.000 -9999.000
140.900 142.740 144.350 145.200 144.390 143.540 143.220 141.130 138.820 138.820 144.030 145.560 147.900 150.200 148.460 148.540 147.550 150.530 150.840 151.570 150.240 148.280 146.880 148.560 145.570 144.640 145.330 144.460 143.670 143.240 142.810 142.940 143.840 143.870 143.780 144.750 145.170 145.520 146.460 148.220 151.780 155.400 154.670 154.710 155.610 156.540 156.280 156.800 154.330 154.320 154.360 154.370 155.290 159.540 161.520 162.940 163.460 163.000 162.270 160.290 -9999.000 -9999.000 -9999.000 -9999.000
